(
(1.1754 0.0000 -0.5843)
(0.4818 0.0000 -0.2929)
(3.8372 0.0000 -1.4870)
(1.6885 0.0000 -0.3609)
(2.4976 0.0000 -0.1828)
(2.1988 0.0000 -0.3632)
(2.2360 0.0000 1.1650)
(4.0130 0.0000 0.1219)
(2.7728 0.0000 -1.3420)
(2.1022 0.0000 -2.0750)
(3.2002 0.0000 1.4980)
(2.5355 0.0000 -0.7117)
(3.6350 0.0000 -0.1506)
(2.2838 0.0000 -3.4320)
(3.9174 0.0000 -0.2478)
(3.5142 0.0000 -0.4093)
(5.0798 0.0000 -2.0430)
(4.7197 0.0000 -2.9390)
(4.3152 0.0000 -0.5102)
(4.5139 0.0000 -1.9500)
(6.3316 0.0000 -2.2600)
(6.6401 0.0000 -3.4030)
(1.1754 0.0000 -0.5843)
(0.4818 0.0000 -0.2929)
(3.8372 0.0000 -1.4870)
(1.6885 0.0000 -0.3609)
(2.4976 0.0000 -0.1828)
(2.1988 0.0000 -0.3632)
(2.2360 0.0000 1.1650)
(4.0130 0.0000 0.1219)
(2.7728 0.0000 -1.3420)
(2.1022 0.0000 -2.0750)
(3.2002 0.0000 1.4980)
(2.5355 0.0000 -0.7117)
(3.6350 0.0000 -0.1506)
(2.2838 0.0000 -3.4320)
(3.9174 0.0000 -0.2478)
(3.5142 0.0000 -0.4093)
(5.0798 0.0000 -2.0430)
(4.7197 0.0000 -2.9390)
(4.3152 0.0000 -0.5102)
(4.5139 0.0000 -1.9500)
(6.3316 0.0000 -2.2600)
(6.6401 0.0000 -3.4030)
(1.1754 0.0000 -0.5843)
(0.4818 0.0000 -0.2929)
(3.8372 0.0000 -1.4870)
(1.6885 0.0000 -0.3609)
(2.4976 0.0000 -0.1828)
(2.1988 0.0000 -0.3632)
(2.2360 0.0000 1.1650)
(4.0130 0.0000 0.1219)
(2.7728 0.0000 -1.3420)
(2.1022 0.0000 -2.0750)
(3.2002 0.0000 1.4980)
(2.5355 0.0000 -0.7117)
(3.6350 0.0000 -0.1506)
(2.2838 0.0000 -3.4320)
(3.9174 0.0000 -0.2478)
(3.5142 0.0000 -0.4093)
(5.0798 0.0000 -2.0430)
(4.7197 0.0000 -2.9390)
(4.3152 0.0000 -0.5102)
(4.5139 0.0000 -1.9500)
(6.3316 0.0000 -2.2600)
(6.6401 0.0000 -3.4030)
(1.1754 0.0000 -0.5843)
(0.4818 0.0000 -0.2929)
(3.8372 0.0000 -1.4870)
(1.6885 0.0000 -0.3609)
(2.4976 0.0000 -0.1828)
(2.1988 0.0000 -0.3632)
(2.2360 0.0000 1.1650)
(4.0130 0.0000 0.1219)
(2.7728 0.0000 -1.3420)
(2.1022 0.0000 -2.0750)
(3.2002 0.0000 1.4980)
(2.5355 0.0000 -0.7117)
(3.6350 0.0000 -0.1506)
(2.2838 0.0000 -3.4320)
(3.9174 0.0000 -0.2478)
(3.5142 0.0000 -0.4093)
(5.0798 0.0000 -2.0430)
(4.7197 0.0000 -2.9390)
(4.3152 0.0000 -0.5102)
(4.5139 0.0000 -1.9500)
(6.3316 0.0000 -2.2600)
(6.6401 0.0000 -3.4030)
(1.1754 0.0000 -0.5843)
(0.4818 0.0000 -0.2929)
(3.8372 0.0000 -1.4870)
(1.6885 0.0000 -0.3609)
(2.4976 0.0000 -0.1828)
(2.1988 0.0000 -0.3632)
(2.2360 0.0000 1.1650)
(4.0130 0.0000 0.1219)
(2.7728 0.0000 -1.3420)
(2.1022 0.0000 -2.0750)
(3.2002 0.0000 1.4980)
(2.5355 0.0000 -0.7117)
(3.6350 0.0000 -0.1506)
(2.2838 0.0000 -3.4320)
(3.9174 0.0000 -0.2478)
(3.5142 0.0000 -0.4093)
(5.0798 0.0000 -2.0430)
(4.7197 0.0000 -2.9390)
(4.3152 0.0000 -0.5102)
(4.5139 0.0000 -1.9500)
(6.3316 0.0000 -2.2600)
(6.6401 0.0000 -3.4030)
(1.1754 0.0000 -0.5843)
(0.4818 0.0000 -0.2929)
(3.8372 0.0000 -1.4870)
(1.6885 0.0000 -0.3609)
(2.4976 0.0000 -0.1828)
(2.1988 0.0000 -0.3632)
(2.2360 0.0000 1.1650)
(4.0130 0.0000 0.1219)
(2.7728 0.0000 -1.3420)
(2.1022 0.0000 -2.0750)
(3.2002 0.0000 1.4980)
(2.5355 0.0000 -0.7117)
(3.6350 0.0000 -0.1506)
(2.2838 0.0000 -3.4320)
(3.9174 0.0000 -0.2478)
(3.5142 0.0000 -0.4093)
(5.0798 0.0000 -2.0430)
(4.7197 0.0000 -2.9390)
(4.3152 0.0000 -0.5102)
(4.5139 0.0000 -1.9500)
(6.3316 0.0000 -2.2600)
(6.6401 0.0000 -3.4030)
(1.1754 0.0000 -0.5843)
(0.4818 0.0000 -0.2929)
(3.8372 0.0000 -1.4870)
(1.6885 0.0000 -0.3609)
(2.4976 0.0000 -0.1828)
(2.1988 0.0000 -0.3632)
(2.2360 0.0000 1.1650)
(4.0130 0.0000 0.1219)
(2.7728 0.0000 -1.3420)
(2.1022 0.0000 -2.0750)
(3.2002 0.0000 1.4980)
(2.5355 0.0000 -0.7117)
(3.6350 0.0000 -0.1506)
(2.2838 0.0000 -3.4320)
(3.9174 0.0000 -0.2478)
(3.5142 0.0000 -0.4093)
(5.0798 0.0000 -2.0430)
(4.7197 0.0000 -2.9390)
(4.3152 0.0000 -0.5102)
(4.5139 0.0000 -1.9500)
(6.3316 0.0000 -2.2600)
(6.6401 0.0000 -3.4030)
(1.1754 0.0000 -0.5843)
(0.4818 0.0000 -0.2929)
(3.8372 0.0000 -1.4870)
(1.6885 0.0000 -0.3609)
(2.4976 0.0000 -0.1828)
(2.1988 0.0000 -0.3632)
(2.2360 0.0000 1.1650)
(4.0130 0.0000 0.1219)
(2.7728 0.0000 -1.3420)
(2.1022 0.0000 -2.0750)
(3.2002 0.0000 1.4980)
(2.5355 0.0000 -0.7117)
(3.6350 0.0000 -0.1506)
(2.2838 0.0000 -3.4320)
(3.9174 0.0000 -0.2478)
(3.5142 0.0000 -0.4093)
(5.0798 0.0000 -2.0430)
(4.7197 0.0000 -2.9390)
(4.3152 0.0000 -0.5102)
(4.5139 0.0000 -1.9500)
(6.3316 0.0000 -2.2600)
(6.6401 0.0000 -3.4030)
(1.1754 0.0000 -0.5843)
(0.4818 0.0000 -0.2929)
(3.8372 0.0000 -1.4870)
(1.6885 0.0000 -0.3609)
(2.4976 0.0000 -0.1828)
(2.1988 0.0000 -0.3632)
(2.2360 0.0000 1.1650)
(4.0130 0.0000 0.1219)
(2.7728 0.0000 -1.3420)
(2.1022 0.0000 -2.0750)
(3.2002 0.0000 1.4980)
(2.5355 0.0000 -0.7117)
(3.6350 0.0000 -0.1506)
(2.2838 0.0000 -3.4320)
(3.9174 0.0000 -0.2478)
(3.5142 0.0000 -0.4093)
(5.0798 0.0000 -2.0430)
(4.7197 0.0000 -2.9390)
(4.3152 0.0000 -0.5102)
(4.5139 0.0000 -1.9500)
(6.3316 0.0000 -2.2600)
(6.6401 0.0000 -3.4030)
(1.1754 0.0000 -0.5843)
(0.4818 0.0000 -0.2929)
(3.8372 0.0000 -1.4870)
(1.6885 0.0000 -0.3609)
(2.4976 0.0000 -0.1828)
(2.1988 0.0000 -0.3632)
(2.2360 0.0000 1.1650)
(4.0130 0.0000 0.1219)
(2.7728 0.0000 -1.3420)
(2.1022 0.0000 -2.0750)
(3.2002 0.0000 1.4980)
(2.5355 0.0000 -0.7117)
(3.6350 0.0000 -0.1506)
(2.2838 0.0000 -3.4320)
(3.9174 0.0000 -0.2478)
(3.5142 0.0000 -0.4093)
(5.0798 0.0000 -2.0430)
(4.7197 0.0000 -2.9390)
(4.3152 0.0000 -0.5102)
(4.5139 0.0000 -1.9500)
(6.3316 0.0000 -2.2600)
(6.6401 0.0000 -3.4030)
(1.1754 0.0000 -0.5843)
(0.4818 0.0000 -0.2929)
(3.8372 0.0000 -1.4870)
(1.6885 0.0000 -0.3609)
(2.4976 0.0000 -0.1828)
(2.1988 0.0000 -0.3632)
(2.2360 0.0000 1.1650)
(4.0130 0.0000 0.1219)
(2.7728 0.0000 -1.3420)
(2.1022 0.0000 -2.0750)
(3.2002 0.0000 1.4980)
(2.5355 0.0000 -0.7117)
(3.6350 0.0000 -0.1506)
(2.2838 0.0000 -3.4320)
(3.9174 0.0000 -0.2478)
(3.5142 0.0000 -0.4093)
(5.0798 0.0000 -2.0430)
(4.7197 0.0000 -2.9390)
(4.3152 0.0000 -0.5102)
(4.5139 0.0000 -1.9500)
(6.3316 0.0000 -2.2600)
(6.6401 0.0000 -3.4030)
)
