(
(-0.4466 0.0000 -0.3786)
(0.5728 0.0000 -0.2286)
(2.8542 0.0000 -0.0911)
(-0.4755 0.0000 0.2221)
(3.4666 0.0000 -0.7123)
(0.7558 0.0000 -0.0978)
(2.3070 0.0000 -0.4331)
(0.9380 0.0000 -0.9986)
(3.8988 0.0000 -1.3070)
(2.9492 0.0000 0.1175)
(5.2942 0.0000 -1.3580)
(0.8385 0.0000 -0.7856)
(4.1040 0.0000 -1.1830)
(7.3248 0.0000 -1.7550)
(6.8454 0.0000 -1.9480)
(4.9822 0.0000 0.1828)
(4.6598 0.0000 -1.8760)
(3.3287 0.0000 -0.6076)
(4.5292 0.0000 -0.9389)
(8.3139 0.0000 -4.4650)
(8.3216 0.0000 -3.0560)
(7.6201 0.0000 -3.0220)
(-0.4466 0.0000 -0.3786)
(0.5728 0.0000 -0.2286)
(2.8542 0.0000 -0.0911)
(-0.4755 0.0000 0.2221)
(3.4666 0.0000 -0.7123)
(0.7558 0.0000 -0.0978)
(2.3070 0.0000 -0.4331)
(0.9380 0.0000 -0.9986)
(3.8988 0.0000 -1.3070)
(2.9492 0.0000 0.1175)
(5.2942 0.0000 -1.3580)
(0.8385 0.0000 -0.7856)
(4.1040 0.0000 -1.1830)
(7.3248 0.0000 -1.7550)
(6.8454 0.0000 -1.9480)
(4.9822 0.0000 0.1828)
(4.6598 0.0000 -1.8760)
(3.3287 0.0000 -0.6076)
(4.5292 0.0000 -0.9389)
(8.3139 0.0000 -4.4650)
(8.3216 0.0000 -3.0560)
(7.6201 0.0000 -3.0220)
(-0.4466 0.0000 -0.3786)
(0.5728 0.0000 -0.2286)
(2.8542 0.0000 -0.0911)
(-0.4755 0.0000 0.2221)
(3.4666 0.0000 -0.7123)
(0.7558 0.0000 -0.0978)
(2.3070 0.0000 -0.4331)
(0.9380 0.0000 -0.9986)
(3.8988 0.0000 -1.3070)
(2.9492 0.0000 0.1175)
(5.2942 0.0000 -1.3580)
(0.8385 0.0000 -0.7856)
(4.1040 0.0000 -1.1830)
(7.3248 0.0000 -1.7550)
(6.8454 0.0000 -1.9480)
(4.9822 0.0000 0.1828)
(4.6598 0.0000 -1.8760)
(3.3287 0.0000 -0.6076)
(4.5292 0.0000 -0.9389)
(8.3139 0.0000 -4.4650)
(8.3216 0.0000 -3.0560)
(7.6201 0.0000 -3.0220)
(-0.4466 0.0000 -0.3786)
(0.5728 0.0000 -0.2286)
(2.8542 0.0000 -0.0911)
(-0.4755 0.0000 0.2221)
(3.4666 0.0000 -0.7123)
(0.7558 0.0000 -0.0978)
(2.3070 0.0000 -0.4331)
(0.9380 0.0000 -0.9986)
(3.8988 0.0000 -1.3070)
(2.9492 0.0000 0.1175)
(5.2942 0.0000 -1.3580)
(0.8385 0.0000 -0.7856)
(4.1040 0.0000 -1.1830)
(7.3248 0.0000 -1.7550)
(6.8454 0.0000 -1.9480)
(4.9822 0.0000 0.1828)
(4.6598 0.0000 -1.8760)
(3.3287 0.0000 -0.6076)
(4.5292 0.0000 -0.9389)
(8.3139 0.0000 -4.4650)
(8.3216 0.0000 -3.0560)
(7.6201 0.0000 -3.0220)
(-0.4466 0.0000 -0.3786)
(0.5728 0.0000 -0.2286)
(2.8542 0.0000 -0.0911)
(-0.4755 0.0000 0.2221)
(3.4666 0.0000 -0.7123)
(0.7558 0.0000 -0.0978)
(2.3070 0.0000 -0.4331)
(0.9380 0.0000 -0.9986)
(3.8988 0.0000 -1.3070)
(2.9492 0.0000 0.1175)
(5.2942 0.0000 -1.3580)
(0.8385 0.0000 -0.7856)
(4.1040 0.0000 -1.1830)
(7.3248 0.0000 -1.7550)
(6.8454 0.0000 -1.9480)
(4.9822 0.0000 0.1828)
(4.6598 0.0000 -1.8760)
(3.3287 0.0000 -0.6076)
(4.5292 0.0000 -0.9389)
(8.3139 0.0000 -4.4650)
(8.3216 0.0000 -3.0560)
(7.6201 0.0000 -3.0220)
(-0.4466 0.0000 -0.3786)
(0.5728 0.0000 -0.2286)
(2.8542 0.0000 -0.0911)
(-0.4755 0.0000 0.2221)
(3.4666 0.0000 -0.7123)
(0.7558 0.0000 -0.0978)
(2.3070 0.0000 -0.4331)
(0.9380 0.0000 -0.9986)
(3.8988 0.0000 -1.3070)
(2.9492 0.0000 0.1175)
(5.2942 0.0000 -1.3580)
(0.8385 0.0000 -0.7856)
(4.1040 0.0000 -1.1830)
(7.3248 0.0000 -1.7550)
(6.8454 0.0000 -1.9480)
(4.9822 0.0000 0.1828)
(4.6598 0.0000 -1.8760)
(3.3287 0.0000 -0.6076)
(4.5292 0.0000 -0.9389)
(8.3139 0.0000 -4.4650)
(8.3216 0.0000 -3.0560)
(7.6201 0.0000 -3.0220)
(-0.4466 0.0000 -0.3786)
(0.5728 0.0000 -0.2286)
(2.8542 0.0000 -0.0911)
(-0.4755 0.0000 0.2221)
(3.4666 0.0000 -0.7123)
(0.7558 0.0000 -0.0978)
(2.3070 0.0000 -0.4331)
(0.9380 0.0000 -0.9986)
(3.8988 0.0000 -1.3070)
(2.9492 0.0000 0.1175)
(5.2942 0.0000 -1.3580)
(0.8385 0.0000 -0.7856)
(4.1040 0.0000 -1.1830)
(7.3248 0.0000 -1.7550)
(6.8454 0.0000 -1.9480)
(4.9822 0.0000 0.1828)
(4.6598 0.0000 -1.8760)
(3.3287 0.0000 -0.6076)
(4.5292 0.0000 -0.9389)
(8.3139 0.0000 -4.4650)
(8.3216 0.0000 -3.0560)
(7.6201 0.0000 -3.0220)
(-0.4466 0.0000 -0.3786)
(0.5728 0.0000 -0.2286)
(2.8542 0.0000 -0.0911)
(-0.4755 0.0000 0.2221)
(3.4666 0.0000 -0.7123)
(0.7558 0.0000 -0.0978)
(2.3070 0.0000 -0.4331)
(0.9380 0.0000 -0.9986)
(3.8988 0.0000 -1.3070)
(2.9492 0.0000 0.1175)
(5.2942 0.0000 -1.3580)
(0.8385 0.0000 -0.7856)
(4.1040 0.0000 -1.1830)
(7.3248 0.0000 -1.7550)
(6.8454 0.0000 -1.9480)
(4.9822 0.0000 0.1828)
(4.6598 0.0000 -1.8760)
(3.3287 0.0000 -0.6076)
(4.5292 0.0000 -0.9389)
(8.3139 0.0000 -4.4650)
(8.3216 0.0000 -3.0560)
(7.6201 0.0000 -3.0220)
(-0.4466 0.0000 -0.3786)
(0.5728 0.0000 -0.2286)
(2.8542 0.0000 -0.0911)
(-0.4755 0.0000 0.2221)
(3.4666 0.0000 -0.7123)
(0.7558 0.0000 -0.0978)
(2.3070 0.0000 -0.4331)
(0.9380 0.0000 -0.9986)
(3.8988 0.0000 -1.3070)
(2.9492 0.0000 0.1175)
(5.2942 0.0000 -1.3580)
(0.8385 0.0000 -0.7856)
(4.1040 0.0000 -1.1830)
(7.3248 0.0000 -1.7550)
(6.8454 0.0000 -1.9480)
(4.9822 0.0000 0.1828)
(4.6598 0.0000 -1.8760)
(3.3287 0.0000 -0.6076)
(4.5292 0.0000 -0.9389)
(8.3139 0.0000 -4.4650)
(8.3216 0.0000 -3.0560)
(7.6201 0.0000 -3.0220)
(-0.4466 0.0000 -0.3786)
(0.5728 0.0000 -0.2286)
(2.8542 0.0000 -0.0911)
(-0.4755 0.0000 0.2221)
(3.4666 0.0000 -0.7123)
(0.7558 0.0000 -0.0978)
(2.3070 0.0000 -0.4331)
(0.9380 0.0000 -0.9986)
(3.8988 0.0000 -1.3070)
(2.9492 0.0000 0.1175)
(5.2942 0.0000 -1.3580)
(0.8385 0.0000 -0.7856)
(4.1040 0.0000 -1.1830)
(7.3248 0.0000 -1.7550)
(6.8454 0.0000 -1.9480)
(4.9822 0.0000 0.1828)
(4.6598 0.0000 -1.8760)
(3.3287 0.0000 -0.6076)
(4.5292 0.0000 -0.9389)
(8.3139 0.0000 -4.4650)
(8.3216 0.0000 -3.0560)
(7.6201 0.0000 -3.0220)
(-0.4466 0.0000 -0.3786)
(0.5728 0.0000 -0.2286)
(2.8542 0.0000 -0.0911)
(-0.4755 0.0000 0.2221)
(3.4666 0.0000 -0.7123)
(0.7558 0.0000 -0.0978)
(2.3070 0.0000 -0.4331)
(0.9380 0.0000 -0.9986)
(3.8988 0.0000 -1.3070)
(2.9492 0.0000 0.1175)
(5.2942 0.0000 -1.3580)
(0.8385 0.0000 -0.7856)
(4.1040 0.0000 -1.1830)
(7.3248 0.0000 -1.7550)
(6.8454 0.0000 -1.9480)
(4.9822 0.0000 0.1828)
(4.6598 0.0000 -1.8760)
(3.3287 0.0000 -0.6076)
(4.5292 0.0000 -0.9389)
(8.3139 0.0000 -4.4650)
(8.3216 0.0000 -3.0560)
(7.6201 0.0000 -3.0220)
)
