(				
(	0	0.15	0.003	)
(	0	0.15	0.005	)
(	0	0.15	0.008	)
(	0	0.15	0.01	)
(	0	0.15	0.012	)
(	0	0.15	0.015	)
(	0	0.15	0.02	)
(	0	0.15	0.03	)
(	0	0.15	0.04	)
(	0	0.15	0.05	)
(	0	0.15	0.06	)
(	0	0.15	0.07	)
(	0	0.15	0.08	)
(	0	0.15	0.1	)
(	0	0.15	0.13	)
(	0	0.15	0.16	)
(	0	0.15	0.2	)
(	0	0.15	0.25	)
(	0	0.15	0.3	)
(	0	0.15	0.35	)
(	0	0.15	0.4	)
(	0	0.15	0.45	)
(	0	0.3	0.003	)
(	0	0.3	0.005	)
(	0	0.3	0.008	)
(	0	0.3	0.01	)
(	0	0.3	0.012	)
(	0	0.3	0.015	)
(	0	0.3	0.02	)
(	0	0.3	0.03	)
(	0	0.3	0.04	)
(	0	0.3	0.05	)
(	0	0.3	0.06	)
(	0	0.3	0.07	)
(	0	0.3	0.08	)
(	0	0.3	0.1	)
(	0	0.3	0.13	)
(	0	0.3	0.16	)
(	0	0.3	0.2	)
(	0	0.3	0.25	)
(	0	0.3	0.3	)
(	0	0.3	0.35	)
(	0	0.3	0.4	)
(	0	0.3	0.45	)
(	0	0.45	0.003	)
(	0	0.45	0.005	)
(	0	0.45	0.008	)
(	0	0.45	0.01	)
(	0	0.45	0.012	)
(	0	0.45	0.015	)
(	0	0.45	0.02	)
(	0	0.45	0.03	)
(	0	0.45	0.04	)
(	0	0.45	0.05	)
(	0	0.45	0.06	)
(	0	0.45	0.07	)
(	0	0.45	0.08	)
(	0	0.45	0.1	)
(	0	0.45	0.13	)
(	0	0.45	0.16	)
(	0	0.45	0.2	)
(	0	0.45	0.25	)
(	0	0.45	0.3	)
(	0	0.45	0.35	)
(	0	0.45	0.4	)
(	0	0.45	0.45	)
(	0	0.6	0.003	)
(	0	0.6	0.005	)
(	0	0.6	0.008	)
(	0	0.6	0.01	)
(	0	0.6	0.012	)
(	0	0.6	0.015	)
(	0	0.6	0.02	)
(	0	0.6	0.03	)
(	0	0.6	0.04	)
(	0	0.6	0.05	)
(	0	0.6	0.06	)
(	0	0.6	0.07	)
(	0	0.6	0.08	)
(	0	0.6	0.1	)
(	0	0.6	0.13	)
(	0	0.6	0.16	)
(	0	0.6	0.2	)
(	0	0.6	0.25	)
(	0	0.6	0.3	)
(	0	0.6	0.35	)
(	0	0.6	0.4	)
(	0	0.6	0.45	)
(	0	0.75	0.003	)
(	0	0.75	0.005	)
(	0	0.75	0.008	)
(	0	0.75	0.01	)
(	0	0.75	0.012	)
(	0	0.75	0.015	)
(	0	0.75	0.02	)
(	0	0.75	0.03	)
(	0	0.75	0.04	)
(	0	0.75	0.05	)
(	0	0.75	0.06	)
(	0	0.75	0.07	)
(	0	0.75	0.08	)
(	0	0.75	0.1	)
(	0	0.75	0.13	)
(	0	0.75	0.16	)
(	0	0.75	0.2	)
(	0	0.75	0.25	)
(	0	0.75	0.3	)
(	0	0.75	0.35	)
(	0	0.75	0.4	)
(	0	0.75	0.45	)
(	0	0.9	0.003	)
(	0	0.9	0.005	)
(	0	0.9	0.008	)
(	0	0.9	0.01	)
(	0	0.9	0.012	)
(	0	0.9	0.015	)
(	0	0.9	0.02	)
(	0	0.9	0.03	)
(	0	0.9	0.04	)
(	0	0.9	0.05	)
(	0	0.9	0.06	)
(	0	0.9	0.07	)
(	0	0.9	0.08	)
(	0	0.9	0.1	)
(	0	0.9	0.13	)
(	0	0.9	0.16	)
(	0	0.9	0.2	)
(	0	0.9	0.25	)
(	0	0.9	0.3	)
(	0	0.9	0.35	)
(	0	0.9	0.4	)
(	0	0.9	0.45	)
(	0	1.05	0.003	)
(	0	1.05	0.005	)
(	0	1.05	0.008	)
(	0	1.05	0.01	)
(	0	1.05	0.012	)
(	0	1.05	0.015	)
(	0	1.05	0.02	)
(	0	1.05	0.03	)
(	0	1.05	0.04	)
(	0	1.05	0.05	)
(	0	1.05	0.06	)
(	0	1.05	0.07	)
(	0	1.05	0.08	)
(	0	1.05	0.1	)
(	0	1.05	0.13	)
(	0	1.05	0.16	)
(	0	1.05	0.2	)
(	0	1.05	0.25	)
(	0	1.05	0.3	)
(	0	1.05	0.35	)
(	0	1.05	0.4	)
(	0	1.05	0.45	)
(	0	1.2	0.003	)
(	0	1.2	0.005	)
(	0	1.2	0.008	)
(	0	1.2	0.01	)
(	0	1.2	0.012	)
(	0	1.2	0.015	)
(	0	1.2	0.02	)
(	0	1.2	0.03	)
(	0	1.2	0.04	)
(	0	1.2	0.05	)
(	0	1.2	0.06	)
(	0	1.2	0.07	)
(	0	1.2	0.08	)
(	0	1.2	0.1	)
(	0	1.2	0.13	)
(	0	1.2	0.16	)
(	0	1.2	0.2	)
(	0	1.2	0.25	)
(	0	1.2	0.3	)
(	0	1.2	0.35	)
(	0	1.2	0.4	)
(	0	1.2	0.45	)
(	0	1.35	0.003	)
(	0	1.35	0.005	)
(	0	1.35	0.008	)
(	0	1.35	0.01	)
(	0	1.35	0.012	)
(	0	1.35	0.015	)
(	0	1.35	0.02	)
(	0	1.35	0.03	)
(	0	1.35	0.04	)
(	0	1.35	0.05	)
(	0	1.35	0.06	)
(	0	1.35	0.07	)
(	0	1.35	0.08	)
(	0	1.35	0.1	)
(	0	1.35	0.13	)
(	0	1.35	0.16	)
(	0	1.35	0.2	)
(	0	1.35	0.25	)
(	0	1.35	0.3	)
(	0	1.35	0.35	)
(	0	1.35	0.4	)
(	0	1.35	0.45	)
(	0	1.5	0.003	)
(	0	1.5	0.005	)
(	0	1.5	0.008	)
(	0	1.5	0.01	)
(	0	1.5	0.012	)
(	0	1.5	0.015	)
(	0	1.5	0.02	)
(	0	1.5	0.03	)
(	0	1.5	0.04	)
(	0	1.5	0.05	)
(	0	1.5	0.06	)
(	0	1.5	0.07	)
(	0	1.5	0.08	)
(	0	1.5	0.1	)
(	0	1.5	0.13	)
(	0	1.5	0.16	)
(	0	1.5	0.2	)
(	0	1.5	0.25	)
(	0	1.5	0.3	)
(	0	1.5	0.35	)
(	0	1.5	0.4	)
(	0	1.5	0.45	)
(	0	1.65	0.003	)
(	0	1.65	0.005	)
(	0	1.65	0.008	)
(	0	1.65	0.01	)
(	0	1.65	0.012	)
(	0	1.65	0.015	)
(	0	1.65	0.02	)
(	0	1.65	0.03	)
(	0	1.65	0.04	)
(	0	1.65	0.05	)
(	0	1.65	0.06	)
(	0	1.65	0.07	)
(	0	1.65	0.08	)
(	0	1.65	0.1	)
(	0	1.65	0.13	)
(	0	1.65	0.16	)
(	0	1.65	0.2	)
(	0	1.65	0.25	)
(	0	1.65	0.3	)
(	0	1.65	0.35	)
(	0	1.65	0.4	)
(	0	1.65	0.45	)
)				

