/*--------------------------------*- C++ -*----------------------------------*\
  =========                 |
  \\      /  F ield         | OpenFOAM: The Open Source CFD Toolbox
   \\    /   O peration     |
    \\  /    A nd           | Web:      www.OpenFOAM.org
     \\/     M anipulation  |
\*---------------------------------------------------------------------------*/

#includeEtc "caseDicts/postProcessing/probes/probes.cfg"

type            probes;
libs            (sampling);
writeControl    timeStep;
writeInterval   1;

fields
(
    p
);

probeLocations
(
  (	1.219051	0.947169	0.03002	)
(	1.22117698	0.947169	0.03002	)
(	1.22329534	0.947169	0.03002	)
(	1.22542132	0.947169	0.03002	)
(	1.22753968	0.947169	0.03002	)
(	1.22966566	0.947169	0.03002	)
(	1.23178402	0.947169	0.03002	)
(	1.23391	0.947169	0.03002	)
(	1.23603598	0.947169	0.03002	)
(	1.23815434	0.947169	0.03002	)
(	1.24028032	0.947169	0.03002	)
(	1.24239868	0.947169	0.03002	)
(	1.24452466	0.947169	0.03002	)
(	1.24664302	0.947169	0.03002	)
(	1.248769	0.947169	0.03002	)
(	1.248769	0.94479156	0.03002	)
(	1.24664302	0.94479156	0.03002	)
(	1.24452466	0.94479156	0.03002	)
(	1.24239868	0.94479156	0.03002	)
(	1.24028032	0.94479156	0.03002	)
(	1.23815434	0.94479156	0.03002	)
(	1.23603598	0.94479156	0.03002	)
(	1.23391	0.94479156	0.03002	)
(	1.23178402	0.94479156	0.03002	)
(	1.22966566	0.94479156	0.03002	)
(	1.22753968	0.94479156	0.03002	)
(	1.22542132	0.94479156	0.03002	)
(	1.22329534	0.94479156	0.03002	)
(	1.22117698	0.94479156	0.03002	)
(	1.219051	0.94479156	0.03002	)
(	1.219051	0.9424065	0.03002	)
(	1.22117698	0.9424065	0.03002	)
(	1.22329534	0.9424065	0.03002	)
(	1.22542132	0.9424065	0.03002	)
(	1.22753968	0.9424065	0.03002	)
(	1.22966566	0.9424065	0.03002	)
(	1.23178402	0.9424065	0.03002	)
(	1.23391	0.9424065	0.03002	)
(	1.23603598	0.9424065	0.03002	)
(	1.23815434	0.9424065	0.03002	)
(	1.24028032	0.9424065	0.03002	)
(	1.24239868	0.9424065	0.03002	)
(	1.24452466	0.9424065	0.03002	)
(	1.24664302	0.9424065	0.03002	)
(	1.248769	0.9424065	0.03002	)
(	1.248769	0.94002906	0.03002	)
(	1.24664302	0.94002906	0.03002	)
(	1.24452466	0.94002906	0.03002	)
(	1.24239868	0.94002906	0.03002	)
(	1.24028032	0.94002906	0.03002	)
(	1.23815434	0.94002906	0.03002	)
(	1.23603598	0.94002906	0.03002	)
(	1.23391	0.94002906	0.03002	)
(	1.23178402	0.94002906	0.03002	)
(	1.22966566	0.94002906	0.03002	)
(	1.22753968	0.94002906	0.03002	)
(	1.22542132	0.94002906	0.03002	)
(	1.22329534	0.94002906	0.03002	)
(	1.22117698	0.94002906	0.03002	)
(	1.219051	0.94002906	0.03002	)
(	1.219051	0.937644	0.03002	)
(	1.22117698	0.937644	0.03002	)
(	1.22329534	0.937644	0.03002	)
(	1.22542132	0.937644	0.03002	)
(	1.22753968	0.937644	0.03002	)
(	1.22966566	0.937644	0.03002	)
(	1.23178402	0.937644	0.03002	)
(	1.23391	0.937644	0.03002	)
(	1.23603598	0.937644	0.03002	)
(	1.23815434	0.937644	0.03002	)
(	1.24028032	0.937644	0.03002	)
(	1.24239868	0.937644	0.03002	)
(	1.24452466	0.937644	0.03002	)
(	1.24664302	0.937644	0.03002	)
(	1.248769	0.937644	0.03002	)
(	1.248769	0.93526656	0.03002	)
(	1.24664302	0.93526656	0.03002	)
(	1.24452466	0.93526656	0.03002	)
(	1.24239868	0.93526656	0.03002	)
(	1.24028032	0.93526656	0.03002	)
(	1.23815434	0.93526656	0.03002	)
(	1.23603598	0.93526656	0.03002	)
(	1.23391	0.93526656	0.03002	)
(	1.23178402	0.93526656	0.03002	)
(	1.22966566	0.93526656	0.03002	)
(	1.22753968	0.93526656	0.03002	)
(	1.22542132	0.93526656	0.03002	)
(	1.22329534	0.93526656	0.03002	)
(	1.22117698	0.93526656	0.03002	)
(	1.219051	0.93526656	0.03002	)
(	1.219051	0.9328815	0.03002	)
(	1.22117698	0.9328815	0.03002	)
(	1.22329534	0.9328815	0.03002	)
(	1.22542132	0.9328815	0.03002	)
(	1.22753968	0.9328815	0.03002	)
(	1.22966566	0.9328815	0.03002	)
(	1.23178402	0.9328815	0.03002	)
(	1.23391	0.9328815	0.03002	)
(	1.23603598	0.9328815	0.03002	)
(	1.23815434	0.9328815	0.03002	)
(	1.24028032	0.9328815	0.03002	)
(	1.24239868	0.9328815	0.03002	)
(	1.24452466	0.9328815	0.03002	)
(	1.24664302	0.9328815	0.03002	)
(	1.248769	0.9328815	0.03002	)
(	1.248769	0.93050406	0.03002	)
(	1.24664302	0.93050406	0.03002	)
(	1.24452466	0.93050406	0.03002	)
(	1.24239868	0.93050406	0.03002	)
(	1.24028032	0.93050406	0.03002	)
(	1.23815434	0.93050406	0.03002	)
(	1.23603598	0.93050406	0.03002	)
(	1.23391	0.93050406	0.03002	)
(	1.23178402	0.93050406	0.03002	)
(	1.22966566	0.93050406	0.03002	)
(	1.22753968	0.93050406	0.03002	)
(	1.22542132	0.93050406	0.03002	)
(	1.22329534	0.93050406	0.03002	)
(	1.22117698	0.93050406	0.03002	)
(	1.219051	0.93050406	0.03002	)
(	1.219051	0.928119	0.03002	)
(	1.22117698	0.928119	0.03002	)
(	1.22329534	0.928119	0.03002	)
(	1.22542132	0.928119	0.03002	)
(	1.22753968	0.928119	0.03002	)
(	1.22966566	0.928119	0.03002	)
(	1.23178402	0.928119	0.03002	)
(	1.23391	0.928119	0.03002	)
(	1.23603598	0.928119	0.03002	)
(	1.23815434	0.928119	0.03002	)
(	1.24028032	0.928119	0.03002	)
(	1.24239868	0.928119	0.03002	)
(	1.24452466	0.928119	0.03002	)
(	1.24664302	0.928119	0.03002	)
(	1.248769	0.928119	0.03002	)
(	1.248769	0.9233565	0.03002	)
(	1.24452466	0.9233565	0.03002	)
(	1.24028032	0.9233565	0.03002	)
(	1.23603598	0.9233565	0.03002	)
(	1.23178402	0.9233565	0.03002	)
(	1.22753968	0.9233565	0.03002	)
(	1.22329534	0.9233565	0.03002	)
(	1.219051	0.9233565	0.03002	)
(	1.219051	0.918594	0.03002	)
(	1.22329534	0.918594	0.03002	)
(	1.22753968	0.918594	0.03002	)
(	1.23178402	0.918594	0.03002	)
(	1.23603598	0.918594	0.03002	)
(	1.24028032	0.918594	0.03002	)
(	1.24452466	0.918594	0.03002	)
(	1.248769	0.918594	0.03002	)
(	1.248769	0.9138315	0.03002	)
(	1.24452466	0.9138315	0.03002	)
(	1.24028032	0.9138315	0.03002	)
(	1.23603598	0.9138315	0.03002	)
(	1.23178402	0.9138315	0.03002	)
(	1.22753968	0.9138315	0.03002	)
(	1.22329534	0.9138315	0.03002	)
(	1.219051	0.9138315	0.03002	)
(	1.219051	0.909069	0.03002	)
(	1.22329534	0.909069	0.03002	)
(	1.22753968	0.909069	0.03002	)
(	1.23178402	0.909069	0.03002	)
(	1.23603598	0.909069	0.03002	)
(	1.24028032	0.909069	0.03002	)
(	1.24452466	0.909069	0.03002	)
(	1.248769	0.909069	0.03002	)
(	1.248769	0.899544	0.03002	)
(	1.24452466	0.899544	0.03002	)
(	1.24028032	0.899544	0.03002	)
(	1.23603598	0.899544	0.03002	)
(	1.23178402	0.899544	0.03002	)
(	1.22753968	0.899544	0.03002	)
(	1.22329534	0.899544	0.03002	)
(	1.219051	0.899544	0.03002	)
(	1.219051	0.890019	0.03002	)
(	1.22329534	0.890019	0.03002	)
(	1.22753968	0.890019	0.03002	)
(	1.23178402	0.890019	0.03002	)
(	1.23603598	0.890019	0.03002	)
(	1.24028032	0.890019	0.03002	)
(	1.24452466	0.890019	0.03002	)
(	1.248769	0.890019	0.03002	)
(	1.248769	0.880494	0.03002	)
(	1.24452466	0.880494	0.03002	)
(	1.24028032	0.880494	0.03002	)
(	1.23603598	0.880494	0.03002	)
(	1.23178402	0.880494	0.03002	)
(	1.22753968	0.880494	0.03002	)
(	1.22329534	0.880494	0.03002	)
(	1.219051	0.880494	0.03002	)
(	1.219051	0.870969	0.03002	)
(	1.22329534	0.870969	0.03002	)
(	1.22753968	0.870969	0.03002	)
(	1.23178402	0.870969	0.03002	)
(	1.23603598	0.870969	0.03002	)
(	1.24028032	0.870969	0.03002	)
(	1.24452466	0.870969	0.03002	)
(	1.248769	0.870969	0.03002	)
(	1.248769	0.861444	0.03002	)
(	1.24452466	0.861444	0.03002	)
(	1.24028032	0.861444	0.03002	)
(	1.23603598	0.861444	0.03002	)
(	1.23178402	0.861444	0.03002	)
(	1.22753968	0.861444	0.03002	)
(	1.22329534	0.861444	0.03002	)
(	1.219051	0.861444	0.03002	)
(	1.248769	0.852681	0.03002	)
(	1.24452466	0.852681	0.03002	)
(	1.24028032	0.852681	0.03002	)
(	1.23603598	0.852681	0.03002	)
(	1.23178402	0.852681	0.03002	)
(	1.22753968	0.852681	0.03002	)
(	1.22329534	0.852681	0.03002	)
(	1.219051	0.852681	0.03002	)
(	1.249531	0.852681	0.03002	)
(	1.25377534	0.852681	0.03002	)
(	1.25801968	0.852681	0.03002	)
(	1.26226402	0.852681	0.03002	)
(	1.26651598	0.852681	0.03002	)
(	1.27076032	0.852681	0.03002	)
(	1.27500466	0.852681	0.03002	)
(	1.279249	0.852681	0.03002	)
(	1.279249	0.861444	0.03002	)
(	1.27500466	0.861444	0.03002	)
(	1.27076032	0.861444	0.03002	)
(	1.26651598	0.861444	0.03002	)
(	1.26226402	0.861444	0.03002	)
(	1.25801968	0.861444	0.03002	)
(	1.25377534	0.861444	0.03002	)
(	1.249531	0.861444	0.03002	)
(	1.249531	0.870969	0.03002	)
(	1.25377534	0.870969	0.03002	)
(	1.25801968	0.870969	0.03002	)
(	1.26226402	0.870969	0.03002	)
(	1.26651598	0.870969	0.03002	)
(	1.27076032	0.870969	0.03002	)
(	1.27500466	0.870969	0.03002	)
(	1.279249	0.870969	0.03002	)
(	1.279249	0.880494	0.03002	)
(	1.27500466	0.880494	0.03002	)
(	1.27076032	0.880494	0.03002	)
(	1.26651598	0.880494	0.03002	)
(	1.26226402	0.880494	0.03002	)
(	1.25801968	0.880494	0.03002	)
(	1.25377534	0.880494	0.03002	)
(	1.249531	0.880494	0.03002	)
(	1.249531	0.890019	0.03002	)
(	1.25377534	0.890019	0.03002	)
(	1.25801968	0.890019	0.03002	)
(	1.26226402	0.890019	0.03002	)
(	1.26651598	0.890019	0.03002	)
(	1.27076032	0.890019	0.03002	)
(	1.27500466	0.890019	0.03002	)
(	1.279249	0.890019	0.03002	)
(	1.279249	0.899544	0.03002	)
(	1.27500466	0.899544	0.03002	)
(	1.27076032	0.899544	0.03002	)
(	1.26651598	0.899544	0.03002	)
(	1.26226402	0.899544	0.03002	)
(	1.25801968	0.899544	0.03002	)
(	1.25377534	0.899544	0.03002	)
(	1.249531	0.899544	0.03002	)
(	1.249531	0.909069	0.03002	)
(	1.25377534	0.909069	0.03002	)
(	1.25801968	0.909069	0.03002	)
(	1.26226402	0.909069	0.03002	)
(	1.26651598	0.909069	0.03002	)
(	1.27076032	0.909069	0.03002	)
(	1.27500466	0.909069	0.03002	)
(	1.279249	0.909069	0.03002	)
(	1.279249	0.9138315	0.03002	)
(	1.27500466	0.9138315	0.03002	)
(	1.27076032	0.9138315	0.03002	)
(	1.26651598	0.9138315	0.03002	)
(	1.26226402	0.9138315	0.03002	)
(	1.25801968	0.9138315	0.03002	)
(	1.25377534	0.9138315	0.03002	)
(	1.249531	0.9138315	0.03002	)
(	1.249531	0.918594	0.03002	)
(	1.25377534	0.918594	0.03002	)
(	1.25801968	0.918594	0.03002	)
(	1.26226402	0.918594	0.03002	)
(	1.26651598	0.918594	0.03002	)
(	1.27076032	0.918594	0.03002	)
(	1.27500466	0.918594	0.03002	)
(	1.279249	0.918594	0.03002	)
(	1.279249	0.9233565	0.03002	)
(	1.27500466	0.9233565	0.03002	)
(	1.27076032	0.9233565	0.03002	)
(	1.26651598	0.9233565	0.03002	)
(	1.26226402	0.9233565	0.03002	)
(	1.25801968	0.9233565	0.03002	)
(	1.25377534	0.9233565	0.03002	)
(	1.249531	0.9233565	0.03002	)
(	1.249531	0.928119	0.03002	)
(	1.25377534	0.928119	0.03002	)
(	1.25801968	0.928119	0.03002	)
(	1.26226402	0.928119	0.03002	)
(	1.26651598	0.928119	0.03002	)
(	1.27076032	0.928119	0.03002	)
(	1.27500466	0.928119	0.03002	)
(	1.279249	0.928119	0.03002	)
(	1.279249	0.9328815	0.03002	)
(	1.27500466	0.9328815	0.03002	)
(	1.27076032	0.9328815	0.03002	)
(	1.26651598	0.9328815	0.03002	)
(	1.26226402	0.9328815	0.03002	)
(	1.25801968	0.9328815	0.03002	)
(	1.25377534	0.9328815	0.03002	)
(	1.249531	0.9328815	0.03002	)
(	1.249531	0.937644	0.03002	)
(	1.25377534	0.937644	0.03002	)
(	1.25801968	0.937644	0.03002	)
(	1.26226402	0.937644	0.03002	)
(	1.26651598	0.937644	0.03002	)
(	1.27076032	0.937644	0.03002	)
(	1.27500466	0.937644	0.03002	)
(	1.279249	0.937644	0.03002	)
(	1.279249	0.9424065	0.03002	)
(	1.27500466	0.9424065	0.03002	)
(	1.27076032	0.9424065	0.03002	)
(	1.26651598	0.9424065	0.03002	)
(	1.26226402	0.9424065	0.03002	)
(	1.25801968	0.9424065	0.03002	)
(	1.25377534	0.9424065	0.03002	)
(	1.249531	0.9424065	0.03002	)
(	1.249531	0.947169	0.03002	)
(	1.25377534	0.947169	0.03002	)
(	1.25801968	0.947169	0.03002	)
(	1.26226402	0.947169	0.03002	)
(	1.26651598	0.947169	0.03002	)
(	1.27076032	0.947169	0.03002	)
(	1.27500466	0.947169	0.03002	)
(	1.279249	0.947169	0.03002	)
(	1.279249	0.94753	0.028956	)
(	1.279249	0.94753	0.0248412	)
(	1.279249	0.94753	0.0187452	)
(	1.279249	0.94753	0.0141732	)
(	1.279249	0.94753	0.0088392	)
(	1.279249	0.94753	0.0027432	)
(	1.27495132	0.94753	0.028956	)
(	1.27495132	0.94753	0.025146	)
(	1.27495132	0.94753	0.01905	)
(	1.27495132	0.94753	0.014478	)
(	1.27495132	0.94753	0.009144	)
(	1.27495132	0.94753	0.003048	)
(	1.27064602	0.94753	0.028956	)
(	1.27064602	0.94753	0.025146	)
(	1.27064602	0.94753	0.01905	)
(	1.27064602	0.94753	0.014478	)
(	1.27064602	0.94753	0.009144	)
(	1.27064602	0.94753	0.003048	)
(	1.26634834	0.94753	0.028956	)
(	1.26634834	0.94753	0.025146	)
(	1.26634834	0.94753	0.01905	)
(	1.26634834	0.94753	0.014478	)
(	1.26634834	0.94753	0.009144	)
(	1.26634834	0.94753	0.003048	)
(	1.26205066	0.94753	0.028956	)
(	1.26205066	0.94753	0.025146	)
(	1.26205066	0.94753	0.01905	)
(	1.26205066	0.94753	0.014478	)
(	1.26205066	0.94753	0.009144	)
(	1.26205066	0.94753	0.003048	)
(	1.25775298	0.94753	0.028956	)
(	1.25775298	0.94753	0.025146	)
(	1.25775298	0.94753	0.01905	)
(	1.25775298	0.94753	0.014478	)
(	1.25775298	0.94753	0.009144	)
(	1.25775298	0.94753	0.003048	)
(	1.25344768	0.94753	0.028956	)
(	1.25344768	0.94753	0.025146	)
(	1.25344768	0.94753	0.01905	)
(	1.25344768	0.94753	0.014478	)
(	1.25344768	0.94753	0.009144	)
(	1.25344768	0.94753	0.003048	)
(	1.24915	0.94753	0.028956	)
(	1.24915	0.94753	0.025146	)
(	1.24915	0.94753	0.01905	)
(	1.24915	0.94753	0.014478	)
(	1.24915	0.94753	0.009144	)
(	1.24915	0.94753	0.003048	)
(	1.24485232	0.94753	0.028956	)
(	1.24485232	0.94753	0.025146	)
(	1.24485232	0.94753	0.01905	)
(	1.24485232	0.94753	0.014478	)
(	1.24485232	0.94753	0.009144	)
(	1.24485232	0.94753	0.003048	)
(	1.24054702	0.94753	0.028956	)
(	1.24054702	0.94753	0.025146	)
(	1.24054702	0.94753	0.01905	)
(	1.24054702	0.94753	0.014478	)
(	1.24054702	0.94753	0.009144	)
(	1.24054702	0.94753	0.003048	)
(	1.23624934	0.94753	0.028956	)
(	1.23624934	0.94753	0.025146	)
(	1.23624934	0.94753	0.01905	)
(	1.23624934	0.94753	0.014478	)
(	1.23624934	0.94753	0.009144	)
(	1.23624934	0.94753	0.003048	)
(	1.23195166	0.94753	0.028956	)
(	1.23195166	0.94753	0.025146	)
(	1.23195166	0.94753	0.01905	)
(	1.23195166	0.94753	0.014478	)
(	1.23195166	0.94753	0.009144	)
(	1.23195166	0.94753	0.003048	)
(	1.22765398	0.94753	0.028956	)
(	1.22765398	0.94753	0.025146	)
(	1.22765398	0.94753	0.01905	)
(	1.22765398	0.94753	0.014478	)
(	1.22765398	0.94753	0.009144	)
(	1.22765398	0.94753	0.003048	)
(	1.22334868	0.94753	0.028956	)
(	1.22334868	0.94753	0.025146	)
(	1.22334868	0.94753	0.01905	)
(	1.22334868	0.94753	0.014478	)
(	1.22334868	0.94753	0.009144	)
(	1.22334868	0.94753	0.003048	)
(	1.219051	0.94753	0.0286512	)
(	1.219051	0.94753	0.0248412	)
(	1.219051	0.94753	0.0187452	)
(	1.219051	0.94753	0.0141732	)
(	1.219051	0.94753	0.0088392	)
(	1.219051	0.94753	0.0027432	)
(	1.21914	0.947169	0.028956	)
(	1.21914	0.9424065	0.028956	)
(	1.21914	0.937644	0.028956	)
(	1.21914	0.9328815	0.028956	)
(	1.21914	0.928119	0.028956	)
(	1.21914	0.9233565	0.028956	)
(	1.21914	0.918594	0.028956	)
(	1.21914	0.9138315	0.028956	)
(	1.21914	0.909069	0.028956	)
(	1.21914	0.890019	0.028956	)
(	1.21914	0.880494	0.028956	)
(	1.21914	0.870969	0.028956	)
(	1.21914	0.861444	0.028956	)
(	1.21914	0.852681	0.028956	)
(	1.21914	0.947169	0.0254508	)
(	1.21914	0.9424065	0.025146	)
(	1.21914	0.937644	0.025146	)
(	1.21914	0.9328815	0.025146	)
(	1.21914	0.928119	0.025146	)
(	1.21914	0.9233565	0.025146	)
(	1.21914	0.918594	0.025146	)
(	1.21914	0.9138315	0.025146	)
(	1.21914	0.909069	0.025146	)
(	1.21914	0.899544	0.025146	)
(	1.21914	0.890019	0.025146	)
(	1.21914	0.880494	0.025146	)
(	1.21914	0.870969	0.025146	)
(	1.21914	0.861444	0.025146	)
(	1.21914	0.852681	0.0254508	)
(	1.21914	0.947169	0.0193548	)
(	1.21914	0.9424065	0.01905	)
(	1.21914	0.937644	0.01905	)
(	1.21914	0.9328815	0.01905	)
(	1.21914	0.928119	0.01905	)
(	1.21914	0.9233565	0.01905	)
(	1.21914	0.918594	0.01905	)
(	1.21914	0.9138315	0.01905	)
(	1.21914	0.909069	0.01905	)
(	1.21914	0.899544	0.01905	)
(	1.21914	0.890019	0.01905	)
(	1.21914	0.880494	0.01905	)
(	1.21914	0.870969	0.01905	)
(	1.21914	0.861444	0.01905	)
(	1.21914	0.852681	0.0193548	)
(	1.21914	0.947169	0.0147828	)
(	1.21914	0.9424065	0.014478	)
(	1.21914	0.937644	0.014478	)
(	1.21914	0.9328815	0.014478	)
(	1.21914	0.928119	0.014478	)
(	1.21914	0.9233565	0.014478	)
(	1.21914	0.918594	0.014478	)
(	1.21914	0.9138315	0.014478	)
(	1.21914	0.909069	0.014478	)
(	1.21914	0.899544	0.014478	)
(	1.21914	0.890019	0.014478	)
(	1.21914	0.880494	0.014478	)
(	1.21914	0.870969	0.014478	)
(	1.21914	0.861444	0.014478	)
(	1.21914	0.852681	0.0147828	)
(	1.21914	0.947169	0.0094488	)
(	1.21914	0.9424065	0.009144	)
(	1.21914	0.937644	0.009144	)
(	1.21914	0.9328815	0.009144	)
(	1.21914	0.928119	0.009144	)
(	1.21914	0.9233565	0.009144	)
(	1.21914	0.918594	0.009144	)
(	1.21914	0.9138315	0.009144	)
(	1.21914	0.909069	0.009144	)
(	1.21914	0.899544	0.009144	)
(	1.21914	0.890019	0.009144	)
(	1.21914	0.880494	0.009144	)
(	1.21914	0.870969	0.009144	)
(	1.21914	0.861444	0.009144	)
(	1.21914	0.852681	0.0094488	)
(	1.21914	0.947169	0.0033528	)
(	1.21914	0.9424065	0.003048	)
(	1.21914	0.937644	0.003048	)
(	1.21914	0.9328815	0.003048	)
(	1.21914	0.928119	0.003048	)
(	1.21914	0.9233565	0.003048	)
(	1.21914	0.918594	0.003048	)
(	1.21914	0.9138315	0.003048	)
(	1.21914	0.909069	0.003048	)
(	1.21914	0.899544	0.003048	)
(	1.21914	0.890019	0.003048	)
(	1.21914	0.880494	0.003048	)
(	1.21914	0.870969	0.003048	)
(	1.21914	0.861444	0.003048	)
(	1.21914	0.852681	0.0033528	)
(	1.279249	0.85247	0.0286512	)
(	1.279249	0.85247	0.0248412	)
(	1.279249	0.85247	0.0187452	)
(	1.279249	0.85247	0.0141732	)
(	1.279249	0.85247	0.0088392	)
(	1.279249	0.85247	0.0027432	)
(	1.27495132	0.85247	0.028956	)
(	1.27495132	0.85247	0.025146	)
(	1.27495132	0.85247	0.014478	)
(	1.27495132	0.85247	0.009144	)
(	1.27495132	0.85247	0.003048	)
(	1.26634834	0.85247	0.028956	)
(	1.26634834	0.85247	0.025146	)
(	1.26634834	0.85247	0.01905	)
(	1.26634834	0.85247	0.014478	)
(	1.26634834	0.85247	0.009144	)
(	1.26634834	0.85247	0.003048	)
(	1.25775298	0.85247	0.028956	)
(	1.25775298	0.85247	0.025146	)
(	1.25775298	0.85247	0.01905	)
(	1.25775298	0.85247	0.014478	)
(	1.25775298	0.85247	0.009144	)
(	1.25775298	0.85247	0.003048	)
(	1.24915	0.85247	0.028956	)
(	1.24915	0.85247	0.025146	)
(	1.24915	0.85247	0.01905	)
(	1.24915	0.85247	0.014478	)
(	1.24915	0.85247	0.009144	)
(	1.24915	0.85247	0.003048	)
(	1.24054702	0.85247	0.028956	)
(	1.24054702	0.85247	0.025146	)
(	1.24054702	0.85247	0.01905	)
(	1.24054702	0.85247	0.014478	)
(	1.24054702	0.85247	0.009144	)
(	1.24054702	0.85247	0.003048	)
(	1.23195166	0.85247	0.028956	)
(	1.23195166	0.85247	0.014478	)
(	1.23195166	0.85247	0.025146	)
(	1.23195166	0.85247	0.009144	)
(	1.23195166	0.85247	0.003048	)
(	1.22334868	0.85247	0.028956	)
(	1.22334868	0.85247	0.025146	)
(	1.22334868	0.85247	0.01905	)
(	1.22334868	0.85247	0.014478	)
(	1.22334868	0.85247	0.009144	)
(	1.219051	0.85247	0.0286512	)
(	1.219051	0.85247	0.0248412	)
(	1.219051	0.85247	0.0187452	)
(	1.219051	0.85247	0.0141732	)
(	1.219051	0.85247	0.0088392	)
(	1.219051	0.85247	0.0027432	)
(	1.2792	0.947169	0.028956	)
(	1.2792	0.9424065	0.028956	)
(	1.2792	0.937644	0.028956	)
(	1.2792	0.9328815	0.028956	)
(	1.2792	0.928119	0.028956	)
(	1.2792	0.9233565	0.028956	)
(	1.2792	0.918594	0.028956	)
(	1.2792	0.9138315	0.028956	)
(	1.2792	0.909069	0.028956	)
(	1.2792	0.899544	0.028956	)
(	1.2792	0.890019	0.028956	)
(	1.2792	0.880494	0.028956	)
(	1.2792	0.870969	0.028956	)
(	1.2792	0.861444	0.028956	)
(	1.2792	0.852681	0.028956	)
(	1.2792	0.947169	0.0254508	)
(	1.2792	0.9424065	0.025146	)
(	1.2792	0.937644	0.025146	)
(	1.2792	0.9328815	0.025146	)
(	1.2792	0.928119	0.025146	)
(	1.2792	0.9233565	0.025146	)
(	1.2792	0.918594	0.025146	)
(	1.2792	0.9138315	0.025146	)
(	1.2792	0.909069	0.025146	)
(	1.2792	0.899544	0.025146	)
(	1.2792	0.890019	0.025146	)
(	1.2792	0.880494	0.025146	)
(	1.2792	0.870969	0.025146	)
(	1.2792	0.861444	0.025146	)
(	1.2792	0.852681	0.0254508	)
(	1.2792	0.947169	0.0193548	)
(	1.2792	0.9424065	0.01905	)
(	1.2792	0.937644	0.01905	)
(	1.2792	0.9328815	0.01905	)
(	1.2792	0.928119	0.01905	)
(	1.2792	0.9233565	0.01905	)
(	1.2792	0.918594	0.01905	)
(	1.2792	0.9138315	0.01905	)
(	1.2792	0.909069	0.01905	)
(	1.2792	0.899544	0.01905	)
(	1.2792	0.890019	0.01905	)
(	1.2792	0.880494	0.01905	)
(	1.2792	0.870969	0.01905	)
(	1.2792	0.861444	0.01905	)
(	1.2792	0.852681	0.0193548	)
(	1.2792	0.947169	0.0147828	)
(	1.2792	0.9424065	0.014478	)
(	1.2792	0.937644	0.014478	)
(	1.2792	0.9328815	0.014478	)
(	1.2792	0.928119	0.014478	)
(	1.2792	0.9233565	0.014478	)
(	1.2792	0.918594	0.014478	)
(	1.2792	0.9138315	0.014478	)
(	1.2792	0.909069	0.014478	)
(	1.2792	0.899544	0.014478	)
(	1.2792	0.890019	0.014478	)
(	1.2792	0.880494	0.014478	)
(	1.2792	0.870969	0.014478	)
(	1.2792	0.861444	0.014478	)
(	1.2792	0.852681	0.0147828	)
(	1.2792	0.947169	0.0094488	)
(	1.2792	0.9424065	0.009144	)
(	1.2792	0.937644	0.009144	)
(	1.2792	0.9328815	0.009144	)
(	1.2792	0.928119	0.009144	)
(	1.2792	0.9233565	0.009144	)
(	1.2792	0.918594	0.009144	)
(	1.2792	0.9138315	0.009144	)
(	1.2792	0.909069	0.009144	)
(	1.2792	0.899544	0.009144	)
(	1.2792	0.890019	0.009144	)
(	1.2792	0.880494	0.009144	)
(	1.2792	0.870969	0.009144	)
(	1.2792	0.861444	0.009144	)
(	1.2792	0.852681	0.0094488	)
(	1.2792	0.947169	0.0033528	)
(	1.2792	0.9424065	0.003048	)
(	1.2792	0.937644	0.003048	)
(	1.2792	0.9328815	0.003048	)
(	1.2792	0.928119	0.003048	)
(	1.2792	0.9233565	0.003048	)
(	1.2792	0.918594	0.003048	)
(	1.2792	0.9138315	0.003048	)
(	1.2792	0.909069	0.003048	)
(	1.2792	0.899544	0.003048	)
(	1.2792	0.890019	0.003048	)
(	1.2792	0.880494	0.003048	)
(	1.2792	0.870969	0.003048	)
(	1.2792	0.861444	0.003048	)
(	1.2792	0.852681	0.0033528	)


);

// ************************************************************************* //
